300
114 71 230 156 97 12 299 2 211 260 33 5 280 293
255 202 229 41 252 194 21 282 162 129 52 1 56
120 63 28 177 289 150 170 232 11 259 237 126 167
109 183 123 30 23 160 258 210 74 225 75 284 193
112 118 51 62 208 163 55 40 140 171 213 236 246
130 45 38 199 43 85 128 50 103 240 26 18 58 266
272 188 209 179 138 231 178 66 175 77 241 247
290 102 243 165 281 15 31 115 104 42 176 98 181
57 174 283 142 88 227 261 151 287 296 200 173
180 132 182 204 92 25 166 87 53 152 144 276 216
155 158 111 72 105 215 298 291 244 16 79 137 159
265 83 286 64 168 37 263 254 157 294 101 106 220
297 300 59 39 48 65 161 164 136 127 228 203 100
147 186 192 292 24 32 19 73 44 245 135 143 80
269 226 250 206 34 285 10 67 68 153 13 119 256
8 219 221 268 145 110 187 124 184 205 81 4 214
107 267 9 125 29 190 197 96 235 84 95 82 169 279
27 99 148 270 17 3 233 22 288 217 222 46 60 54
295 249 113 238 91 86 121 116 6 239 133 196 139
234 277 172 207 218 93 224 134 146 251 275 262
76 253 242 47 149 35 264 90 49 198 89 273 20
223 122 131 274 257 212 191 278 248 36 141 14 78
61 108 117 7 189 195 154 69 201 94 185 70 271
63